Year,Positive,Neutral,Negative,Total,Positive%,Negative%
2015,1,3,0,4,25.0,0.0
2016,15,1,6,22,68.2,27.3
2017,216,24,14,254,85.0,5.5
2018,144,18,3,165,87.3,1.8
2019,665,54,23,742,89.6,3.1
2020,861,156,37,1054,81.7,3.5
2021,1289,225,98,1612,80.0,6.1
2022,2181,360,196,2737,79.7,7.2
2023,7913,1313,603,9829,80.5,6.1
2024,9005,1503,577,11085,81.2,5.2
